8 0.262051 0.369938 0.208336 0.206181
2 0.683227 0.162535 0.192359 0.181486
2 0.474547 0.167472 0.177781 0.171611
2 0.286699 0.164382 0.185414 0.172847
2 0.262707 0.366229 0.202852 0.201236
2 0.471391 0.369319 0.196594 0.200000
2 0.685277 0.361292 0.206320 0.208639
2 0.697465 0.606979 0.218055 0.240736
2 0.461703 0.610681 0.206250 0.250611
3 0.474895 0.171174 0.178477 0.174069
3 0.472777 0.371174 0.193820 0.201236
3 0.459965 0.606361 0.211117 0.239500
4 0.682188 0.161299 0.183328 0.176542
4 0.689793 0.368083 0.201461 0.202472
4 0.697813 0.605125 0.217359 0.241972
5 0.286004 0.164382 0.188195 0.175319
5 0.235660 0.611299 0.219445 0.234569
8 0.474203 0.369292 0.196531 0.207472
8 0.687395 0.368090 0.203477 0.207403
7 0.284273 0.161917 0.187500 0.177778
7 0.475590 0.166847 0.179867 0.175306
7 0.679063 0.169319 0.179859 0.170361
6 0.234965 0.608826 0.218055 0.234569
6 0.462742 0.601424 0.211109 0.237042
6 0.696078 0.603889 0.213891 0.237028
5 0.260277 0.369938 0.213258 0.203708
2 0.234617 0.612528 0.222922 0.239500
