3 0.436844 0.203090 0.181250 0.186292
8 0.648961 0.413576 0.204234 0.219625
8 0.429480 0.415368 0.195836 0.203708
8 0.226004 0.416049 0.205555 0.207542
7 0.632973 0.197472 0.182039 0.172833
7 0.437188 0.196361 0.181937 0.182722
7 0.250730 0.199382 0.185414 0.189014
6 0.669063 0.689507 0.230563 0.268014
6 0.427395 0.680861 0.216664 0.248278
6 0.200035 0.672285 0.225695 0.258014
5 0.250383 0.199937 0.184719 0.182708
5 0.227777 0.412965 0.206320 0.203819
5 0.201043 0.678396 0.223539 0.250736
4 0.672605 0.690056 0.234727 0.266667
4 0.654129 0.407472 0.211805 0.227167
4 0.636109 0.191354 0.188266 0.180375
1 0.670484 0.685799 0.232016 0.258153
1 0.426043 0.679632 0.220898 0.250736
1 0.200660 0.674076 0.224305 0.264069
1 0.230172 0.415368 0.211109 0.203708
1 0.432949 0.414194 0.191664 0.203833
1 0.651387 0.409326 0.207711 0.223458
1 0.635031 0.195125 0.187500 0.180250
1 0.437848 0.201792 0.183258 0.188889
1 0.250348 0.202535 0.182008 0.185181
3 0.426773 0.683333 0.212500 0.250750
3 0.428473 0.413576 0.196602 0.197403
