1 0.689480 0.174875 0.190977 0.203694
8 0.253715 0.385368 0.201383 0.209875
8 0.470035 0.403889 0.199305 0.207417
8 0.691563 0.410062 0.209031 0.214819
7 0.283230 0.173021 0.186805 0.192597
7 0.479410 0.181667 0.184727 0.195056
7 0.688785 0.177347 0.190977 0.196306
6 0.236355 0.634132 0.220836 0.243208
6 0.466215 0.654507 0.222227 0.246903
6 0.704063 0.660062 0.221531 0.250625
4 0.692223 0.413146 0.207711 0.216042
3 0.479063 0.181049 0.185422 0.193819
1 0.236703 0.634757 0.229859 0.259264
1 0.689793 0.407590 0.209789 0.217292
1 0.251250 0.387840 0.207703 0.207403
1 0.281148 0.173639 0.182641 0.193833
1 0.479758 0.184139 0.182641 0.200000
4 0.702328 0.662528 0.222219 0.255556
3 0.468301 0.652035 0.220836 0.251847
3 0.466527 0.398333 0.204930 0.218528
1 0.466215 0.658826 0.220836 0.267903
1 0.700246 0.662528 0.230555 0.253083
1 0.473125 0.402042 0.207016 0.213583
5 0.234617 0.635368 0.222922 0.248153
5 0.254723 0.384750 0.202148 0.213583
5 0.283578 0.173028 0.186109 0.200000
4 0.691563 0.179813 0.190969 0.206181
