1 0.671492 0.682715 0.240969 0.251986
1 0.425730 0.679563 0.214586 0.243208
1 0.202813 0.670924 0.220141 0.250625
1 0.228125 0.422222 0.209797 0.217417
1 0.429133 0.415438 0.193750 0.208764
1 0.648266 0.413514 0.208406 0.222222
1 0.637500 0.190681 0.189516 0.174083
1 0.436770 0.199389 0.178477 0.176667
1 0.248297 0.196229 0.184719 0.190125
3 0.438926 0.201785 0.185414 0.179014
3 0.429516 0.417840 0.195906 0.213569
3 0.426074 0.680806 0.216664 0.250611
4 0.669133 0.685250 0.238891 0.261722
4 0.648230 0.414750 0.204164 0.227167
4 0.637156 0.193146 0.193125 0.171597
5 0.250312 0.197465 0.186109 0.185181
5 0.227742 0.419694 0.207641 0.217278
5 0.202086 0.673396 0.222984 0.253097
6 0.669793 0.685118 0.238961 0.254319
6 0.426043 0.675868 0.213961 0.248153
6 0.201078 0.677222 0.222219 0.258028
7 0.634723 0.191917 0.189508 0.171611
7 0.436809 0.199389 0.179930 0.176667
7 0.249617 0.195062 0.184719 0.185319
8 0.647223 0.411729 0.200758 0.218653
8 0.429168 0.416056 0.192289 0.210000
8 0.227465 0.421667 0.206945 0.213583
