7 0.322949 0.202410 0.172914 0.170375
7 0.503437 0.210431 0.168750 0.169139
7 0.689234 0.211667 0.169516 0.176556
8 0.310105 0.401236 0.197227 0.202583
0 0.311113 0.408021 0.193820 0.191486
8 0.704129 0.427097 0.186805 0.195056
8 0.503785 0.412965 0.180555 0.191486
0 0.503125 0.410437 0.180625 0.201236
0 0.702742 0.424694 0.182641 0.187528
0 0.689586 0.210500 0.172984 0.176667
0 0.503785 0.211049 0.168055 0.175319
0 0.324270 0.202472 0.172914 0.165306
0 0.292359 0.676604 0.213266 0.232097
0 0.507605 0.673458 0.202086 0.228528
0 0.718090 0.679632 0.207633 0.235931
3 0.503785 0.209812 0.168055 0.172847
3 0.503090 0.412896 0.177773 0.198764
3 0.508332 0.674132 0.204789 0.229625
4 0.689238 0.208646 0.172289 0.172958
4 0.704516 0.424694 0.183406 0.182833
4 0.718402 0.678333 0.208258 0.230861
5 0.291320 0.681486 0.213953 0.234694
5 0.310418 0.402403 0.195211 0.200000
5 0.324617 0.204875 0.173609 0.170361
6 0.292707 0.683333 0.213961 0.238139
6 0.508715 0.674632 0.205555 0.228403
6 0.718715 0.680188 0.204867 0.237042
