0 0.678090 0.761729 0.230555 0.301347
0 0.432953 0.734569 0.227781 0.274194
0 0.187500 0.737715 0.239516 0.267903
0 0.211770 0.418576 0.228477 0.251847
0 0.443023 0.409201 0.207641 0.240736
0 0.675695 0.445000 0.222984 0.255556
0 0.681215 0.156111 0.199305 0.221000
0 0.440625 0.149382 0.195766 0.222347
0 0.236461 0.138951 0.204234 0.191347
3 0.443020 0.154257 0.197914 0.227153
3 0.443020 0.414139 0.210414 0.238278
3 0.432637 0.727097 0.229789 0.271611
4 0.673926 0.756854 0.233336 0.306181
4 0.676391 0.442590 0.221594 0.252958
4 0.680590 0.159264 0.195133 0.229750
5 0.238922 0.140063 0.203469 0.191347
5 0.213195 0.418451 0.228547 0.256792
5 0.189234 0.739507 0.242984 0.281347
6 0.674344 0.754243 0.231250 0.298736
6 0.434723 0.728396 0.225758 0.274208
6 0.189234 0.738889 0.242984 0.277889
7 0.681215 0.155493 0.192367 0.204931
7 0.440660 0.153028 0.201383 0.227167
7 0.237812 0.135125 0.205563 0.196306
8 0.676699 0.440062 0.220836 0.253097
8 0.440937 0.416611 0.217359 0.233333
8 0.213508 0.417840 0.225000 0.245681
