2 0.690484 0.366847 0.205625 0.200000
2 0.472086 0.370576 0.197984 0.207458
4 0.680453 0.169326 0.190969 0.187653
5 0.262012 0.366854 0.209789 0.217292
8 0.260660 0.369319 0.202773 0.207417
8 0.475242 0.368083 0.198609 0.197528
8 0.689129 0.368090 0.205555 0.207403
2 0.282531 0.165618 0.181250 0.185181
2 0.473508 0.168090 0.184031 0.187653
2 0.680105 0.168083 0.190273 0.177778
2 0.262016 0.368701 0.202844 0.203708
2 0.236703 0.608826 0.215969 0.227153
2 0.461004 0.601424 0.213195 0.232097
2 0.695730 0.606979 0.221523 0.240736
3 0.459270 0.603889 0.215273 0.234556
3 0.472086 0.368701 0.197984 0.196292
3 0.476285 0.166847 0.179867 0.180250
4 0.693648 0.608826 0.218750 0.237042
4 0.688402 0.370556 0.198680 0.200000
5 0.237051 0.608826 0.219445 0.239514
5 0.284965 0.164382 0.186117 0.195069
6 0.234270 0.610062 0.220836 0.246903
6 0.464477 0.600187 0.217359 0.249375
6 0.696422 0.610674 0.221531 0.243208
7 0.285312 0.162528 0.182641 0.191361
7 0.477328 0.164382 0.187500 0.190125
7 0.679063 0.165618 0.195141 0.192597
