6 0.211844 0.654875 0.218750 0.250611
8 0.257293 0.172903 0.183398 0.180250
8 0.450313 0.403639 0.193063 0.204944
8 0.641699 0.170924 0.185414 0.183958
7 0.654129 0.404389 0.199305 0.211111
7 0.450000 0.169076 0.183953 0.187653
7 0.236840 0.398826 0.200695 0.209875
2 0.641910 0.169937 0.184727 0.176542
2 0.452324 0.168090 0.181945 0.185181
2 0.261355 0.176729 0.184727 0.187653
2 0.237707 0.397715 0.201461 0.204931
2 0.445000 0.402035 0.197984 0.206181
2 0.655414 0.403271 0.199375 0.208653
5 0.259723 0.177778 0.188258 0.185306
5 0.238195 0.398146 0.196594 0.213708
5 0.212465 0.659201 0.217367 0.259264
6 0.438230 0.659257 0.215977 0.244569
3 0.438195 0.657410 0.220203 0.248264
3 0.447918 0.402472 0.195211 0.212472
6 0.669098 0.664875 0.219508 0.255556
3 0.449652 0.168521 0.183258 0.193958
2 0.214480 0.656979 0.222914 0.251847
2 0.438090 0.658826 0.215977 0.250625
2 0.668992 0.665618 0.209719 0.246903
4 0.667672 0.662285 0.215281 0.253097
4 0.653785 0.404257 0.198617 0.203708
4 0.639965 0.172222 0.180555 0.184083
