2 0.239441 0.402042 0.206320 0.213583
8 0.640172 0.177965 0.182641 0.190125
8 0.448160 0.395250 0.195836 0.204944
8 0.260660 0.173028 0.188883 0.177778
7 0.656492 0.397715 0.197219 0.209875
7 0.448160 0.167465 0.181945 0.176542
4 0.637762 0.172410 0.180523 0.179014
2 0.260660 0.173646 0.186117 0.176542
2 0.447813 0.165000 0.182641 0.176556
4 0.656457 0.402653 0.195898 0.214806
2 0.639828 0.174264 0.184719 0.180250
7 0.237395 0.401424 0.203477 0.212347
6 0.671426 0.661917 0.224305 0.241972
6 0.436008 0.659444 0.210422 0.246917
6 0.212395 0.653889 0.227086 0.245667
5 0.261703 0.172410 0.182641 0.176542
5 0.237012 0.399569 0.197289 0.208639
5 0.213438 0.655736 0.225000 0.246917
4 0.667953 0.661917 0.220141 0.241972
3 0.438785 0.661292 0.210414 0.253083
3 0.448473 0.400187 0.193820 0.212347
3 0.448160 0.166229 0.181945 0.179014
2 0.668645 0.660681 0.222914 0.246917
2 0.438438 0.657590 0.212500 0.245681
2 0.214477 0.655125 0.229859 0.248139
2 0.445344 0.399569 0.193125 0.203694
2 0.654723 0.402653 0.196602 0.219750
