6 0.507258 0.677715 0.200000 0.227153
6 0.292016 0.676604 0.215344 0.234569
5 0.292711 0.678458 0.216734 0.238278
0 0.323227 0.203090 0.175000 0.169264
5 0.312500 0.409257 0.186875 0.191486
5 0.323957 0.204264 0.176461 0.169139
4 0.717016 0.679076 0.202844 0.227153
4 0.703125 0.422222 0.190203 0.204806
6 0.718437 0.680868 0.206937 0.230736
4 0.686770 0.206854 0.172914 0.183958
3 0.508301 0.676479 0.202086 0.227153
3 0.504133 0.414813 0.185422 0.197403
3 0.502742 0.208639 0.171531 0.168028
0 0.292707 0.678396 0.211039 0.240875
0 0.310418 0.405493 0.191039 0.186431
0 0.504168 0.412347 0.182711 0.192722
0 0.506910 0.674076 0.200695 0.227292
0 0.717676 0.677222 0.208336 0.235806
0 0.702121 0.420375 0.188195 0.196417
0 0.687848 0.207410 0.170758 0.180375
0 0.502812 0.209257 0.170141 0.169264
