7 0.316667 0.289444 0.200698 0.240870
2 0.313542 0.289444 0.200000 0.243333
2 0.511112 0.314755 0.199307 0.237157
2 0.710763 0.330819 0.193057 0.239602
2 0.298924 0.563579 0.204234 0.250620
2 0.300349 0.824690 0.200000 0.246917
2 0.506250 0.825250 0.206250 0.235926
2 0.715974 0.835801 0.193750 0.232102
2 0.705557 0.586356 0.197917 0.237157
2 0.501703 0.555556 0.201458 0.241981
3 0.297221 0.566667 0.203474 0.239500
3 0.501388 0.560491 0.196526 0.251852
3 0.708333 0.585125 0.192365 0.244565
4 0.313195 0.295000 0.199307 0.239630
4 0.512500 0.313583 0.192365 0.251852
4 0.711109 0.330185 0.193750 0.240870
5 0.299651 0.821606 0.200000 0.238269
5 0.502083 0.826542 0.192365 0.243213
5 0.714930 0.830801 0.190276 0.237157
6 0.715279 0.833889 0.190974 0.233463
6 0.705208 0.591296 0.194448 0.232222
6 0.710070 0.332037 0.194443 0.247037
7 0.297917 0.827102 0.200698 0.254444
7 0.299305 0.561111 0.196526 0.250611
8 0.502779 0.824630 0.199307 0.232222
8 0.512846 0.311667 0.197224 0.240870
8 0.499966 0.554875 0.204932 0.255676
