7 0.438574 0.206854 0.179164 0.193819
1 0.438230 0.206174 0.178477 0.190236
1 0.633715 0.195611 0.181945 0.188889
1 0.651008 0.413646 0.204172 0.229625
1 0.429516 0.417222 0.195906 0.209889
1 0.228437 0.421049 0.200687 0.212347
1 0.200730 0.669139 0.222914 0.249500
1 0.426078 0.676479 0.222219 0.251847
1 0.669063 0.690743 0.236109 0.270486
4 0.668094 0.692590 0.231250 0.266792
4 0.651004 0.416049 0.205555 0.229764
4 0.636496 0.193826 0.181945 0.185319
5 0.202082 0.668458 0.220211 0.253083
5 0.228785 0.421542 0.198617 0.216056
5 0.251078 0.196854 0.184719 0.183958
6 0.666992 0.688979 0.233359 0.264264
6 0.201008 0.665972 0.223609 0.253056
6 0.423996 0.677778 0.218055 0.266778
7 0.251078 0.197528 0.184719 0.190250
1 0.250000 0.198701 0.183953 0.182708
7 0.634723 0.192535 0.175758 0.185181
8 0.229895 0.418521 0.197914 0.227292
8 0.430590 0.420306 0.195133 0.216056
8 0.649965 0.411667 0.199305 0.223444
3 0.424340 0.675312 0.220133 0.261847
3 0.430172 0.419757 0.197219 0.222347
3 0.437883 0.205556 0.177781 0.184083
