8 0.694688 0.405125 0.208328 0.207417
8 0.470727 0.408826 0.193750 0.229625
8 0.259270 0.390306 0.208336 0.222222
4 0.688438 0.182285 0.179172 0.191347
4 0.693613 0.406354 0.206320 0.212347
4 0.705453 0.658215 0.221531 0.254319
5 0.282535 0.176729 0.185414 0.195069
5 0.255070 0.387222 0.208406 0.221000
5 0.235660 0.637222 0.220836 0.246917
7 0.477328 0.178583 0.186109 0.186417
6 0.703367 0.655125 0.214578 0.248139
6 0.463785 0.654514 0.214586 0.254306
6 0.237047 0.632896 0.209719 0.243208
7 0.687051 0.179194 0.180555 0.200000
1 0.688785 0.179813 0.185414 0.203708
1 0.692918 0.407597 0.203539 0.219750
1 0.281805 0.177347 0.182703 0.193833
1 0.253715 0.392153 0.204164 0.223472
1 0.236699 0.637222 0.222914 0.241972
3 0.478020 0.179194 0.184727 0.200000
1 0.469652 0.405125 0.197289 0.217278
1 0.477328 0.179194 0.187500 0.195056
3 0.470000 0.405125 0.192437 0.224694
3 0.466215 0.656979 0.216664 0.251847
7 0.283227 0.173028 0.182641 0.195056
1 0.705102 0.657590 0.213891 0.250625
1 0.468992 0.659444 0.213891 0.266667
