8 0.320138 0.541977 0.196526 0.227157
0 0.320484 0.792514 0.208333 0.247009
0 0.535070 0.809875 0.197224 0.241972
0 0.729862 0.796912 0.186807 0.228398
1 0.322570 0.545000 0.197224 0.233463
1 0.524305 0.561111 0.195141 0.243204
1 0.733333 0.544384 0.200698 0.237157
2 0.328125 0.264134 0.205552 0.237157
2 0.532987 0.267903 0.201391 0.254324
2 0.736805 0.277162 0.211807 0.267898
3 0.533680 0.812903 0.198609 0.245806
3 0.522188 0.557347 0.193823 0.238398
3 0.533333 0.266005 0.199302 0.250713
4 0.320138 0.790681 0.203474 0.245806
4 0.321146 0.541912 0.201458 0.229750
4 0.328125 0.261667 0.202781 0.239630
5 0.730557 0.795060 0.189583 0.234565
5 0.730521 0.545620 0.196594 0.224815
5 0.738888 0.277162 0.203474 0.267898
8 0.316667 0.795681 0.207635 0.238269
8 0.327432 0.256792 0.200000 0.234565
8 0.535070 0.262347 0.193057 0.253083
8 0.523578 0.558639 0.195208 0.248148
8 0.535070 0.816667 0.198609 0.245685
8 0.729862 0.800556 0.186807 0.243333
8 0.730172 0.545060 0.197292 0.223454
8 0.738888 0.275866 0.199307 0.275435
