8 0.516667 0.854940 0.196531 0.245676
0 0.720833 0.857407 0.202083 0.230870
0 0.513542 0.861051 0.202781 0.255676
0 0.295138 0.862963 0.215974 0.241981
1 0.721180 0.618519 0.194443 0.232093
1 0.518750 0.601852 0.197917 0.228389
1 0.297917 0.616606 0.207635 0.233454
2 0.722570 0.379009 0.193057 0.229630
2 0.514237 0.362903 0.193057 0.237157
2 0.300346 0.370310 0.206943 0.237157
5 0.720487 0.378333 0.190276 0.226056
5 0.720104 0.616051 0.192427 0.241972
5 0.720138 0.854940 0.199307 0.230861
5 0.511805 0.854940 0.199307 0.235806
5 0.519792 0.603704 0.197219 0.232093
5 0.514930 0.364755 0.197224 0.238398
5 0.303125 0.366667 0.208333 0.246907
5 0.297924 0.613519 0.203453 0.237167
5 0.296182 0.865431 0.216667 0.249380
6 0.304167 0.374074 0.211802 0.246907
6 0.296495 0.614815 0.199375 0.232093
6 0.296529 0.862287 0.215974 0.250741
7 0.722224 0.377102 0.193750 0.221111
7 0.719445 0.619074 0.186807 0.228519
7 0.721180 0.854259 0.198609 0.224815
8 0.515625 0.364134 0.197219 0.237157
8 0.520138 0.600000 0.196526 0.232093
