4 0.507951 0.558023 0.195901 0.246917
0 0.506250 0.809259 0.197917 0.233333
0 0.710070 0.821542 0.197224 0.233454
0 0.711458 0.578949 0.198615 0.244565
1 0.507292 0.556171 0.195833 0.245676
1 0.513159 0.294384 0.197984 0.238398
1 0.306562 0.551838 0.200073 0.242009
2 0.307638 0.296852 0.200693 0.233463
2 0.718404 0.335185 0.193057 0.233333
2 0.298229 0.812343 0.200073 0.237037
4 0.298263 0.815986 0.198609 0.237157
4 0.506599 0.808644 0.200000 0.232102
4 0.712151 0.822838 0.195833 0.230861
4 0.711076 0.579569 0.197984 0.240861
4 0.306945 0.548764 0.196526 0.238269
4 0.307984 0.296912 0.200000 0.230861
4 0.512500 0.293213 0.195135 0.233333
4 0.719096 0.335185 0.190276 0.228389
6 0.508333 0.550556 0.190969 0.244574
6 0.720833 0.333333 0.193750 0.232093
6 0.711076 0.824074 0.197984 0.235796
7 0.307292 0.298088 0.198615 0.233454
7 0.711805 0.581481 0.200693 0.244444
7 0.306945 0.549324 0.196526 0.247037
8 0.300000 0.812903 0.197917 0.240861
8 0.505555 0.809875 0.199307 0.241972
8 0.511771 0.294444 0.195208 0.235796
