7 0.330870 0.476542 0.201458 0.241972
7 0.337500 0.210435 0.199302 0.243333
7 0.541667 0.217282 0.193750 0.241972
7 0.542708 0.471602 0.193052 0.229630
7 0.543750 0.725306 0.195135 0.240741
7 0.741318 0.720310 0.191667 0.226046
7 0.747221 0.481481 0.190974 0.232093
7 0.749651 0.222162 0.200000 0.256917
5 0.545138 0.728954 0.196526 0.250741
5 0.543055 0.472778 0.192359 0.237167
5 0.542362 0.216606 0.190974 0.238398
4 0.327779 0.734509 0.200693 0.232222
4 0.330555 0.480185 0.204859 0.247037
4 0.338161 0.210431 0.203542 0.248269
3 0.741667 0.724630 0.189583 0.232222
3 0.745451 0.482653 0.190349 0.229750
3 0.750000 0.227162 0.199302 0.256787
2 0.336458 0.211667 0.206948 0.248278
2 0.542013 0.218519 0.198609 0.249389
2 0.745833 0.219694 0.204865 0.247037
1 0.331599 0.475866 0.204167 0.248269
1 0.543404 0.475926 0.197224 0.240741
1 0.748609 0.481421 0.202083 0.234694
7 0.330555 0.733273 0.200693 0.227287
0 0.329167 0.734509 0.203469 0.239630
0 0.541320 0.737657 0.197224 0.255556
0 0.740276 0.725250 0.189583 0.228519
