6 0.295138 0.838889 0.203474 0.243204
0 0.717013 0.868519 0.197224 0.225926
0 0.507292 0.869694 0.198615 0.235926
0 0.295487 0.838889 0.206943 0.240741
1 0.720833 0.627778 0.193750 0.235796
1 0.508680 0.624694 0.197224 0.237037
1 0.303125 0.570370 0.202781 0.239500
2 0.731945 0.379569 0.199307 0.248269
2 0.531250 0.377778 0.197917 0.251852
2 0.313195 0.306731 0.209026 0.250741
3 0.313542 0.308579 0.205552 0.251972
3 0.302745 0.569074 0.199375 0.237167
3 0.292708 0.838889 0.202781 0.243204
4 0.730557 0.380801 0.197917 0.233454
4 0.719062 0.628394 0.193125 0.227157
4 0.716318 0.870926 0.195833 0.226056
5 0.531250 0.370926 0.197917 0.243333
5 0.506563 0.621546 0.197292 0.235926
5 0.507638 0.865431 0.200693 0.241972
6 0.311805 0.310495 0.209026 0.253083
6 0.303471 0.569074 0.200693 0.237167
6 0.507638 0.625926 0.196526 0.229630
6 0.529826 0.375926 0.197984 0.233333
6 0.728820 0.383889 0.197224 0.224815
6 0.720104 0.627102 0.191042 0.224815
6 0.716320 0.869134 0.197224 0.227157
6 0.506250 0.867282 0.197917 0.243213
