1 0.347570 0.243213 0.202776 0.237037
3 0.761807 0.511051 0.193750 0.234694
3 0.556599 0.511727 0.195833 0.253083
3 0.342359 0.491977 0.197917 0.238269
4 0.771518 0.243769 0.193766 0.243333
4 0.563542 0.229569 0.201385 0.242102
8 0.550695 0.770926 0.199307 0.263093
8 0.551737 0.508644 0.197224 0.241972
8 0.564583 0.230185 0.206250 0.250741
7 0.750000 0.761667 0.192365 0.237167
5 0.750000 0.764755 0.185417 0.230991
4 0.349661 0.248704 0.198594 0.228519
1 0.343055 0.740120 0.200693 0.248148
1 0.341286 0.492593 0.209792 0.234574
1 0.750695 0.764815 0.195141 0.235796
7 0.762466 0.513519 0.189651 0.229759
1 0.759721 0.517903 0.195141 0.238269
1 0.770487 0.246296 0.197224 0.245685
1 0.560070 0.230185 0.201391 0.240870
1 0.552047 0.507963 0.195208 0.235926
1 0.553125 0.764815 0.193052 0.250611
5 0.551042 0.761727 0.197219 0.249380
5 0.344445 0.736977 0.213193 0.244565
6 0.348951 0.247472 0.206964 0.243333
6 0.335070 0.495616 0.198609 0.248269
6 0.342708 0.735185 0.205552 0.235796
7 0.773266 0.248088 0.195833 0.249509
