2 0.325938 0.185368 0.187500 0.187653
2 0.531840 0.208215 0.188195 0.201236
2 0.729758 0.197715 0.197922 0.187653
2 0.748125 0.430431 0.209797 0.230861
2 0.538055 0.426111 0.200766 0.227167
2 0.326945 0.416854 0.203547 0.220986
2 0.309617 0.678583 0.229859 0.277778
2 0.540867 0.698333 0.215969 0.255556
2 0.767605 0.697715 0.233336 0.254319
3 0.538438 0.705118 0.216672 0.279014
3 0.539445 0.437840 0.197984 0.238264
3 0.534270 0.202035 0.184727 0.203708
4 0.766215 0.692160 0.223617 0.262958
4 0.745348 0.426729 0.208398 0.225931
4 0.730453 0.194625 0.195141 0.188889
5 0.309965 0.679813 0.226383 0.262958
5 0.322430 0.416236 0.202844 0.214806
5 0.330105 0.191549 0.193055 0.212347
6 0.310660 0.679819 0.230555 0.277778
6 0.541215 0.705743 0.216664 0.282708
6 0.764824 0.697715 0.216664 0.269125
7 0.327672 0.183521 0.192359 0.203708
7 0.534270 0.201417 0.190273 0.204944
7 0.728020 0.195250 0.193055 0.200000
8 0.323508 0.417465 0.206250 0.214819
8 0.538438 0.429819 0.198609 0.224694
8 0.747812 0.431667 0.203469 0.230861
