8 0.515625 0.829014 0.197219 0.238269
0 0.299654 0.838208 0.205557 0.244565
0 0.514583 0.830806 0.197917 0.239630
0 0.716320 0.825310 0.193057 0.238269
1 0.299651 0.600000 0.204167 0.232093
1 0.517708 0.582657 0.200000 0.239630
1 0.720833 0.574694 0.196531 0.240741
2 0.294099 0.333273 0.200000 0.244565
2 0.508333 0.324074 0.196531 0.243204
2 0.714583 0.314755 0.197917 0.242102
3 0.297224 0.840065 0.206250 0.250741
3 0.298578 0.601236 0.203542 0.227157
3 0.293750 0.331421 0.200698 0.255676
3 0.509724 0.325926 0.202083 0.237037
3 0.518367 0.580861 0.200068 0.233333
3 0.515279 0.833333 0.200693 0.249389
3 0.717708 0.825245 0.190281 0.233454
3 0.720141 0.574630 0.197917 0.233463
3 0.716667 0.311111 0.199302 0.254315
6 0.296875 0.841977 0.202781 0.249380
6 0.297536 0.603028 0.201458 0.228519
6 0.295833 0.333949 0.200698 0.253083
7 0.716667 0.827102 0.192365 0.239630
7 0.720104 0.574630 0.191042 0.233463
7 0.715974 0.316606 0.197917 0.253213
8 0.507987 0.320370 0.198609 0.233333
8 0.520104 0.582718 0.193823 0.241972
