1 0.467949 0.653889 0.222914 0.240750
4 0.705102 0.657590 0.225000 0.240736
1 0.282535 0.177347 0.185414 0.183944
1 0.479410 0.182903 0.183336 0.180250
1 0.689828 0.177347 0.198609 0.181472
1 0.692223 0.405125 0.206320 0.217278
1 0.470348 0.401417 0.195898 0.222222
1 0.257848 0.386604 0.198680 0.214819
1 0.236008 0.634750 0.220141 0.241972
1 0.702676 0.655743 0.222914 0.239514
3 0.466563 0.658826 0.221531 0.240736
3 0.471387 0.397715 0.195211 0.217292
3 0.480453 0.180438 0.190969 0.190125
4 0.694305 0.410062 0.207703 0.224681
4 0.687395 0.181049 0.189586 0.186431
5 0.236355 0.634132 0.227773 0.245681
5 0.255066 0.388458 0.200070 0.213583
5 0.281840 0.174257 0.177086 0.190125
6 0.233922 0.634750 0.229859 0.246917
6 0.467258 0.655125 0.217359 0.255556
6 0.704410 0.655743 0.229164 0.249375
7 0.282883 0.174257 0.186109 0.187653
7 0.478715 0.181667 0.184727 0.185194
7 0.688785 0.171792 0.190977 0.197528
8 0.255453 0.389069 0.204859 0.224694
8 0.470035 0.400799 0.199305 0.223458
8 0.695730 0.404507 0.213195 0.228403
