6 0.723266 0.558579 0.195833 0.248269
1 0.723922 0.566046 0.205625 0.240741
1 0.514549 0.543148 0.189651 0.244574
1 0.312154 0.499380 0.202776 0.225926
2 0.333682 0.228333 0.208333 0.259389
2 0.530904 0.265431 0.197224 0.279009
2 0.734029 0.290681 0.199307 0.260620
3 0.313888 0.498148 0.203474 0.250611
3 0.331216 0.228394 0.200766 0.256787
3 0.287500 0.764199 0.203469 0.256787
4 0.508333 0.796236 0.204865 0.249509
4 0.512466 0.538829 0.197984 0.238398
4 0.530904 0.258579 0.201391 0.255676
5 0.713542 0.815370 0.204167 0.255685
5 0.726391 0.566606 0.193750 0.244565
5 0.736458 0.291356 0.197219 0.271602
6 0.287846 0.765370 0.209724 0.247037
6 0.310036 0.499940 0.201458 0.237157
6 0.330555 0.230171 0.211807 0.238361
6 0.529513 0.266667 0.188891 0.281481
6 0.514549 0.532102 0.206318 0.222222
6 0.508680 0.803088 0.194443 0.272843
6 0.713888 0.809199 0.200693 0.233454
0 0.718057 0.810431 0.218750 0.240861
0 0.505557 0.798088 0.202083 0.255676
6 0.739237 0.283889 0.209724 0.254444
0 0.287500 0.764755 0.213198 0.248269
