6 0.703020 0.658826 0.222227 0.250625
6 0.468301 0.654507 0.220836 0.264208
6 0.233922 0.634139 0.221531 0.250611
5 0.284965 0.170556 0.186117 0.200000
5 0.255762 0.390312 0.197289 0.214819
5 0.235312 0.634132 0.215969 0.245681
4 0.688090 0.174875 0.184023 0.208639
4 0.694305 0.406972 0.209094 0.228389
4 0.703371 0.656979 0.224305 0.254319
3 0.480453 0.181667 0.192359 0.192583
3 0.470348 0.399569 0.200070 0.216056
3 0.466910 0.656979 0.220836 0.256792
1 0.690867 0.172410 0.190969 0.201236
1 0.483227 0.185375 0.193750 0.200000
1 0.284273 0.172410 0.187500 0.198764
1 0.256805 0.390312 0.199375 0.214819
1 0.470348 0.400187 0.200070 0.207403
1 0.693957 0.405125 0.211180 0.229639
1 0.703367 0.655118 0.222922 0.243208
1 0.468297 0.653271 0.222219 0.254319
1 0.235312 0.634750 0.220141 0.249389
8 0.694340 0.398333 0.207633 0.235806
8 0.470035 0.400799 0.200695 0.223458
8 0.251285 0.389076 0.196523 0.214819
7 0.688438 0.175500 0.190281 0.200000
7 0.477328 0.182903 0.190281 0.197528
7 0.281496 0.174257 0.181945 0.192597
