2 0.613195 0.122222 0.190974 0.224685
1 0.814583 0.374630 0.188198 0.240870
1 0.402083 0.398088 0.195135 0.233454
1 0.609721 0.375310 0.199307 0.234565
5 0.404133 0.397472 0.196599 0.224815
6 0.615279 0.624014 0.190974 0.245806
5 0.615279 0.120370 0.192359 0.223463
5 0.814201 0.371546 0.186182 0.232222
5 0.405208 0.643764 0.193052 0.240861
8 0.403091 0.394444 0.200068 0.228389
8 0.404862 0.638829 0.196526 0.253213
7 0.814549 0.377162 0.193818 0.230861
6 0.608646 0.375926 0.202844 0.228389
2 0.400339 0.151792 0.201406 0.256917
2 0.817708 0.121606 0.194448 0.235806
5 0.612500 0.626542 0.196531 0.230861
5 0.814930 0.621542 0.186109 0.226046
5 0.612117 0.374694 0.195901 0.225926
6 0.614237 0.124014 0.193057 0.238398
5 0.402430 0.146852 0.201391 0.261852
5 0.817013 0.122778 0.190276 0.233463
0 0.407292 0.641356 0.201385 0.235806
0 0.613195 0.624630 0.195141 0.254444
8 0.398958 0.151792 0.191667 0.256917
7 0.819443 0.125866 0.193750 0.244565
7 0.814234 0.620926 0.187500 0.232222
0 0.813891 0.620370 0.193750 0.230870
