4 0.380901 0.653023 0.204167 0.229750
0 0.593404 0.662347 0.197224 0.238269
1 0.805901 0.446296 0.191667 0.225926
1 0.386805 0.406787 0.204859 0.270370
2 0.615971 0.196917 0.192359 0.248148
4 0.811458 0.208023 0.194448 0.253083
4 0.801388 0.683949 0.209026 0.227157
4 0.597187 0.428394 0.200760 0.224694
4 0.409029 0.162282 0.204859 0.270491
7 0.799654 0.678954 0.202776 0.232222
8 0.410721 0.159245 0.206995 0.269102
8 0.385729 0.409213 0.204240 0.248241
8 0.379862 0.654940 0.209026 0.238269
7 0.804862 0.452407 0.190974 0.233463
0 0.381250 0.654880 0.207635 0.235926
0 0.800695 0.688208 0.203474 0.233454
1 0.598263 0.429569 0.198609 0.234694
2 0.812500 0.201236 0.199302 0.249380
2 0.410417 0.155495 0.207635 0.256917
4 0.804862 0.449324 0.190974 0.224815
4 0.595487 0.662963 0.197224 0.244444
4 0.615971 0.202468 0.195141 0.239509
4 0.382638 0.403028 0.217359 0.258148
6 0.614583 0.204319 0.192365 0.230861
6 0.598266 0.430245 0.195833 0.245676
6 0.594443 0.663597 0.197917 0.233361
7 0.814237 0.205556 0.201391 0.250611
