7 0.793021 0.235741 0.193823 0.239630
8 0.348263 0.424014 0.206943 0.270491
8 0.338193 0.669755 0.222917 0.253083
0 0.330208 0.671606 0.206948 0.271602
1 0.349305 0.415986 0.220141 0.259380
1 0.770484 0.507347 0.200000 0.244565
2 0.792708 0.235125 0.200000 0.233454
3 0.337500 0.671542 0.218750 0.251972
3 0.349305 0.424630 0.209026 0.266796
3 0.361805 0.163519 0.203474 0.235926
3 0.771875 0.506806 0.206948 0.245648
3 0.567016 0.465431 0.208333 0.246917
3 0.553471 0.715435 0.188193 0.255556
6 0.562500 0.479569 0.200698 0.260620
7 0.750000 0.775926 0.197917 0.243204
7 0.771146 0.505495 0.195906 0.248269
8 0.362154 0.168458 0.201391 0.240861
0 0.554513 0.716667 0.197224 0.260500
0 0.752083 0.771606 0.203469 0.234565
1 0.567013 0.470310 0.211109 0.256917
2 0.361458 0.162903 0.202781 0.234694
2 0.571180 0.200000 0.194443 0.244444
3 0.575346 0.202472 0.197224 0.259259
3 0.794096 0.232718 0.194443 0.223454
3 0.754859 0.773458 0.202083 0.238269
6 0.551042 0.720926 0.205552 0.239630
6 0.575346 0.201176 0.193057 0.254444
