5 0.241285 0.398153 0.194445 0.201361
2 0.261770 0.177097 0.185414 0.181472
2 0.447531 0.170993 0.175000 0.186542
2 0.639582 0.173458 0.179789 0.181611
2 0.655902 0.404382 0.198680 0.213569
2 0.443371 0.400618 0.194445 0.196431
2 0.239551 0.400063 0.202086 0.212347
2 0.213160 0.651299 0.229867 0.250625
2 0.439895 0.657340 0.215273 0.245681
2 0.667672 0.661729 0.215281 0.251986
3 0.436770 0.662347 0.215977 0.248278
3 0.444406 0.403028 0.193750 0.206167
3 0.448266 0.173458 0.177844 0.184083
4 0.667359 0.662965 0.211734 0.249514
4 0.655559 0.404257 0.204930 0.216042
4 0.640625 0.173396 0.179234 0.186431
5 0.212465 0.657410 0.224305 0.248264
5 0.262117 0.177097 0.184719 0.181472
6 0.213160 0.653639 0.225695 0.250611
6 0.438922 0.663576 0.215969 0.252958
6 0.667398 0.663521 0.218750 0.240736
7 0.240660 0.404875 0.206945 0.214806
7 0.447605 0.171542 0.179164 0.192583
7 0.655902 0.406854 0.204242 0.216042
8 0.261148 0.173396 0.181250 0.179014
8 0.446527 0.401910 0.197992 0.218514
8 0.642328 0.172778 0.184031 0.192583
