4 0.316320 0.212903 0.201391 0.238398
3 0.712849 0.493764 0.204167 0.259380
0 0.504828 0.487037 0.195208 0.240741
0 0.725346 0.212347 0.193057 0.261731
0 0.314583 0.211727 0.196531 0.230861
8 0.504133 0.488829 0.196599 0.234694
8 0.516318 0.760431 0.195833 0.266787
7 0.726042 0.217838 0.194448 0.248269
7 0.710763 0.490681 0.197224 0.230991
7 0.720484 0.756731 0.187500 0.247037
6 0.317708 0.214134 0.200000 0.248269
6 0.304513 0.474074 0.198609 0.254315
5 0.720487 0.757407 0.193057 0.235796
5 0.303471 0.779630 0.220141 0.240741
4 0.725357 0.205556 0.200016 0.265426
4 0.522917 0.204319 0.204865 0.272843
0 0.302776 0.782718 0.214583 0.234565
8 0.527083 0.201792 0.206250 0.253213
6 0.302083 0.785741 0.200698 0.263093
5 0.515625 0.761051 0.198615 0.270491
3 0.506250 0.487037 0.202083 0.240741
3 0.304167 0.481421 0.202083 0.244565
0 0.721172 0.764199 0.197240 0.239509
0 0.518404 0.761727 0.198609 0.264194
0 0.304828 0.476546 0.199375 0.237037
0 0.711424 0.496282 0.200068 0.249417
0 0.522570 0.202407 0.206943 0.244574
