4 0.549651 0.743148 0.200000 0.266796
7 0.559339 0.448764 0.205625 0.253083
7 0.573958 0.207407 0.194448 0.237037
7 0.337846 0.177718 0.215276 0.256917
7 0.330904 0.451171 0.202776 0.248269
7 0.327083 0.730185 0.209031 0.248278
3 0.331216 0.451171 0.197984 0.233454
3 0.327779 0.729569 0.203474 0.237157
4 0.575000 0.212282 0.195135 0.227287
4 0.560380 0.449940 0.195208 0.255676
1 0.332292 0.451171 0.195833 0.233454
2 0.779513 0.233333 0.198609 0.276537
2 0.574305 0.210491 0.196526 0.240741
2 0.335417 0.180185 0.209031 0.251981
3 0.336458 0.174630 0.204167 0.265556
0 0.757292 0.754880 0.201385 0.228519
7 0.548612 0.729630 0.196526 0.266667
7 0.759026 0.754259 0.197917 0.247037
7 0.768055 0.492532 0.190974 0.237157
7 0.782641 0.227102 0.202083 0.254444
5 0.760763 0.760495 0.206943 0.256787
5 0.769409 0.492532 0.188266 0.229750
5 0.784721 0.232653 0.203474 0.270491
1 0.554859 0.450616 0.197917 0.254324
1 0.768404 0.493148 0.197224 0.233463
0 0.325349 0.724014 0.195833 0.245806
0 0.547917 0.724074 0.189583 0.248148
