0 0.301042 0.681481 0.208333 0.269130
8 0.302779 0.685741 0.217359 0.272963
8 0.320104 0.421542 0.210490 0.270491
8 0.347221 0.149324 0.196526 0.269259
8 0.556607 0.169134 0.208318 0.298769
8 0.765279 0.176542 0.200693 0.286417
8 0.743055 0.454940 0.199307 0.228398
8 0.734721 0.711111 0.204859 0.274074
8 0.521875 0.737593 0.213885 0.287778
2 0.346180 0.149940 0.202776 0.260620
2 0.555555 0.168519 0.209026 0.292593
0 0.522917 0.731421 0.202083 0.275435
0 0.732638 0.706787 0.199307 0.270370
4 0.348266 0.150616 0.204167 0.256787
4 0.319096 0.419755 0.198609 0.271602
4 0.301734 0.695620 0.212500 0.265556
5 0.764583 0.179014 0.203469 0.293824
5 0.744792 0.451792 0.194448 0.242102
5 0.737154 0.709875 0.211109 0.293824
8 0.537500 0.460435 0.207635 0.276667
3 0.519096 0.730185 0.205557 0.270500
3 0.533299 0.462347 0.200766 0.245676
3 0.555208 0.166606 0.205552 0.274194
2 0.766667 0.175245 0.202083 0.274194
1 0.319792 0.418458 0.212500 0.256917
1 0.533680 0.464815 0.194443 0.250611
1 0.741320 0.449324 0.202776 0.232222
