8 0.750242 0.434139 0.215281 0.211111
7 0.330801 0.185986 0.194445 0.193833
7 0.532188 0.203889 0.181938 0.192583
7 0.726285 0.199569 0.179867 0.191361
6 0.311703 0.681667 0.228469 0.261722
6 0.541910 0.694014 0.220836 0.259250
6 0.764129 0.690924 0.219445 0.262958
5 0.308922 0.685993 0.228469 0.265431
5 0.325207 0.424875 0.208398 0.229639
5 0.326980 0.197715 0.185414 0.209875
4 0.764824 0.694014 0.216664 0.274083
4 0.747777 0.428583 0.213258 0.217278
4 0.728715 0.198333 0.184727 0.193833
8 0.539133 0.423021 0.198609 0.223458
3 0.539824 0.696479 0.216664 0.261736
3 0.537012 0.424257 0.198680 0.216042
3 0.533574 0.209444 0.183336 0.188889
2 0.306840 0.677340 0.228477 0.265431
2 0.542605 0.692778 0.218055 0.259250
8 0.326285 0.423646 0.202086 0.214819
2 0.764133 0.694007 0.215281 0.276542
2 0.747430 0.427965 0.209797 0.223458
2 0.537012 0.427965 0.197289 0.228403
2 0.325211 0.416236 0.204234 0.229639
2 0.328715 0.200806 0.186117 0.206167
2 0.534617 0.205743 0.189578 0.201236
2 0.730449 0.202042 0.189586 0.211111
